[appconfig/Authentication]
version = 6.3.0
modtime = 1452104787.094815000

[app/install/is_configured]
version = 6.3.0
modtime = 1452104787.502576000
